 1. в г б п м т  
 2. к й с ц щ ь  
 3. з н р т х ш  
 4. а ж е о ъ я  
 5. д к л н т ф  
 6. ё е и о у ю  
 7. а и о ф ы э  
 8. в а л с р ч 
добрый
5 4 1 3 7 2 
------------------------- 
дерево
5 4 3 6 1 7 
------------------------- 
корова
2 4 3 6 1 7 
------------------------- 
волчица
1 4 5 8 6 2 7 
------------------------- 
жучок
4 6 8 7 2 
------------------------- 
всех
1 2 4 3 
------------------------- 
излечить
6 3 5 4 8 7 1 2 
------------------------- 
айболит
4 2 1 6 5 7 3 
------------------------- 
лиса
5 6 2 4 
------------------------- 
курица
5 6 3 7 2 4 
------------------------- 
трамвай
5 3 4 1 8 7 2 
------------------------- 
дорожка
5 6 3 7 4 2 8 
------------------------- 
ножки
3 6 4 2 7 
------------------------- 
теперь
3 4 1 6 8 2 
------------------------- 
хромой
3 8 4 1 6 2 
------------------------- 
сказать
8 5 4 3 7 1 2 
------------------------- 
подавать
1 6 5 4 8 7 3 2 
------------------------- 
новые
3 4 1 7 6 
------------------------- 
опять
6 1 4 3 2 
------------------------- 
зайка
3 4 2 5 7 
------------------------- 
такой
1 4 5 6 2 
------------------------- 
пришить
1 8 6 3 7 5 2 
------------------------- 
снова
2 3 4 1 7 
------------------------- 
тоже
1 7 4 6 
------------------------- 
пойти
1 4 2 3 6 
------------------------- 
кричать
5 3 6 8 4 1 2 
------------------------- 
тебе
3 4 1 6 
------------------------- 
вдруг
8 5 3 6 1 
------------------------- 
откуда
4 1 2 6 5 7 
------------------------- 
шакал
3 4 2 7 5 
------------------------- 
кобыла
2 4 1 7 5 8 
------------------------- 
африка
4 5 3 6 2 7 
------------------------- 
малыши
1 4 5 7 3 6 
------------------------- 
такое
1 7 2 6 4 
------------------------- 
дети
5 4 1 6 
------------------------- 
заболеть
3 7 1 6 8 4 5 2 
------------------------- 
ангина
4 3 1 6 5 7 
------------------------- 
ладно
8 4 5 3 6 
------------------------- 
ваши
1 4 3 6 
------------------------- 
болото
1 4 5 6 3 7 
------------------------- 
гулять
1 6 5 4 3 2 
------------------------- 
широкий
3 6 8 4 5 7 2 
------------------------- 
луг
5 6 1 
------------------------- 
слово
2 5 4 1 6 
------------------------- 
эй
7 2 
------------------------- 
идти
6 5 1 7 
------------------------- 
ёлка
6 5 2 4 
------------------------- 
волк
1 4 5 2 
------------------------- 
довезти
5 4 8 6 3 1 7 
------------------------- 
вперёд
8 1 4 3 6 5 
------------------------- 
море
1 4 3 6 
------------------------- 
бушевать
1 6 3 4 8 7 5 2 
------------------------- 
шуметь
3 6 1 4 5 2 
------------------------- 
простор
1 3 4 2 5 6 8 
------------------------- 
высокий
1 7 8 4 5 6 2 
------------------------- 
волна
1 4 5 3 7 
------------------------- 
лесной
5 4 8 3 6 2 
------------------------- 
пароход
1 4 8 6 3 7 5 
------------------------- 
путь
1 6 3 2 
------------------------- 
начинать
3 4 8 6 5 7 1 2 
------------------------- 
крутой
5 3 6 1 4 2 
------------------------- 
уходить
6 3 4 5 7 1 2 
------------------------- 
скала
2 5 4 8 7 
------------------------- 
слетать
8 5 4 1 7 3 2 
------------------------- 
орёл
4 3 6 5 
------------------------- 
черный
8 4 3 5 7 2 
------------------------- 
рыскать
3 7 8 5 4 1 2 
------------------------- 
носорог
3 4 2 6 8 7 1 
------------------------- 
говорить
1 4 8 6 3 7 5 2 
------------------------- 
сердито
2 4 3 5 6 1 7 
------------------------- 
рядом
3 4 5 6 1 
------------------------- 
визжать
1 6 3 4 7 5 2 
------------------------- 
жалко
4 7 5 2 6 
------------------------- 
бедный
1 4 5 3 7 2 
------------------------- 
корь
5 4 3 2 
------------------------- 
голова
1 4 5 6 8 7 
------------------------- 
горлышко
1 4 8 5 7 3 2 6 
------------------------- 
бредить
1 8 4 5 6 3 2 
------------------------- 
зубастый
3 6 1 4 8 5 7 2 
------------------------- 
малютка
1 4 5 6 3 2 7 
------------------------- 
сутки
2 6 1 5 7 
------------------------- 
зубик
3 6 1 7 2 
------------------------- 
плечико
1 5 4 8 6 2 7 
------------------------- 
горько
1 4 3 2 5 6 
------------------------- 
близко
1 5 6 3 2 4 
------------------------- 
птица
1 3 6 2 4 
------------------------- 
шляпа
3 5 4 1 7 
------------------------- 
милый
1 6 5 7 2 
------------------------- 
детвора
5 4 1 8 6 3 7 
------------------------- 
земля
3 6 1 5 4 
------------------------- 
хлопать
3 8 4 1 7 5 2 
------------------------- 
порядок
1 6 3 4 5 7 2 
------------------------- 
тигрёнок
3 7 1 8 6 5 4 2 
------------------------- 
десять
5 6 8 4 1 2 
------------------------- 
ночь
3 4 8 2 
------------------------- 
вылечить
1 7 5 4 8 6 3 2 
------------------------- 
плясать
1 5 4 8 7 3 2 
------------------------- 
правый
1 3 4 8 7 2 
------------------------- 
будто
1 6 5 3 4 
------------------------- 
дуб
5 6 1 
------------------------- 
слава
2 5 4 1 7 
------------------------- 
доктор
5 4 2 1 6 3 
------------------------- 
злой
3 5 4 2 
------------------------- 
змея
3 1 6 4 
------------------------- 
молодой
1 4 8 6 5 7 2 
------------------------- 
воробей
8 6 3 7 1 4 2 
------------------------- 
улетать
6 5 4 1 7 3 2 
------------------------- 
песок
1 4 2 6 5 
------------------------- 
старуха
2 1 4 8 6 3 7 
------------------------- 
зелёный
3 4 8 6 5 7 2 
------------------------- 
лягуха
5 4 1 6 3 7 
------------------------- 
крыло
2 3 7 5 4 
------------------------- 
повести
1 4 8 6 2 3 7 
------------------------- 
окошко
4 2 6 3 5 7 
------------------------- 
рука
3 6 2 4 
------------------------- 
ночной
3 4 8 5 6 2 
------------------------- 
видно
1 6 5 3 4 
------------------------- 
страшно
2 1 8 4 3 5 6 
------------------------- 
тьма
3 2 1 4 
------------------------- 
свой
8 1 4 2 
------------------------- 
фонарик
5 4 3 7 8 6 2 
------------------------- 
зажечь
3 7 4 6 8 2 
------------------------- 
огонёк
4 1 7 3 6 2 
------------------------- 
вдали
1 5 4 8 6 
------------------------- 
сосна
2 4 8 3 7 
------------------------- 
домик
5 4 1 6 2 
------------------------- 
стоять
8 1 6 4 3 2 
------------------------- 
балкон
1 4 5 2 6 3 
------------------------- 
седой
8 4 5 6 2 
------------------------- 
кролик
2 3 4 8 6 5 
------------------------- 
сказка
8 2 4 3 5 7 
------------------------- 
стонать
8 1 4 3 7 5 2 
------------------------- 
минута
1 7 3 6 5 4 
------------------------- 
слабый
8 5 4 1 7 2 
------------------------- 
смерть
8 1 4 3 5 2 
------------------------- 
чирикать
8 6 3 7 5 4 1 2 
------------------------- 
порхать
1 4 8 3 7 5 2 
------------------------- 
вовек
1 4 8 6 2 
------------------------- 
доброта
5 4 1 8 6 3 7 
------------------------- 
толпа
3 4 5 1 7 
------------------------- 
слепой
8 5 4 1 6 2 
------------------------- 
белка
1 4 5 2 7 
------------------------- 
худой
3 6 5 4 2 
------------------------- 
рябой
3 4 1 6 2 
------------------------- 
заец
3 4 6 2 
------------------------- 
закат
3 4 2 7 1 
------------------------- 
зверята
3 1 6 8 4 5 7 
------------------------- 
здоровый
3 5 4 8 6 1 7 2 
------------------------- 
даже
5 7 4 6 
------------------------- 
свидание
2 1 6 5 8 3 7 4 
------------------------- 
робин
3 4 1 6 5 
------------------------- 
человек
8 4 5 7 1 6 2 
------------------------- 
бык
1 7 2 
------------------------- 
кривой
5 3 6 1 4 2 
------------------------- 
мясник
1 4 2 3 6 5 
------------------------- 
телега
3 4 5 6 1 7 
------------------------- 
дуга
5 6 1 4 
------------------------- 
метла
1 4 3 5 7 
------------------------- 
кочерга
2 4 8 6 3 1 7 
------------------------- 
барашек
1 4 8 7 3 6 2 
------------------------- 
написать
3 4 1 6 8 7 5 2 
------------------------- 
лягушка
5 4 1 6 3 2 7 
------------------------- 
болотце
1 6 5 7 3 2 4 
------------------------- 
молодец
1 6 8 7 5 4 2 
------------------------- 
ворота
1 4 3 6 5 7 
------------------------- 
колбаса
2 6 5 1 4 8 7 
------------------------- 
трава
1 3 4 8 7 
------------------------- 
мурава
1 6 3 4 8 7 
------------------------- 
сманить
8 1 4 3 6 5 2 
------------------------- 
сдобная
2 5 6 1 3 7 4 
------------------------- 
булка
1 6 5 2 4 
------------------------- 
чашка
8 4 3 2 7 
------------------------- 
мурочка
1 6 3 4 8 2 7 
------------------------- 
лужица
5 6 4 7 2 8 
------------------------- 
горячий
1 6 3 4 8 7 2 
------------------------- 
нырять
3 7 8 4 1 2 
------------------------- 
старый
8 1 4 3 7 2 
------------------------- 
жаба
4 7 1 8 
------------------------- 
ещё
4 2 6 
------------------------- 
туфля
1 6 5 8 4 
------------------------- 
терять
1 6 3 4 5 2 
------------------------- 
мельник
1 4 8 2 3 6 5 
------------------------- 
смолоть
8 1 4 5 6 3 2 
------------------------- 
тина
1 6 3 4 
------------------------- 
полезать
1 4 8 6 3 7 5 2 
------------------------- 
пройти
1 3 4 2 5 6 
------------------------- 
канавка
2 4 3 7 1 5 8 
------------------------- 
козявка
2 6 3 4 1 5 7 
------------------------- 
булавка
1 6 5 4 8 2 7 
------------------------- 
эх
7 3 
------------------------- 
утыкать
6 1 7 5 4 3 2 
------------------------- 
ёлочка
6 5 4 8 2 7 
------------------------- 
вместе
8 1 4 2 3 6 
------------------------- 
игрушка
7 1 8 6 3 2 4 
------------------------- 
матрёшка
1 4 5 8 6 3 2 7 
------------------------- 
ладошка
8 4 5 6 3 2 7 
------------------------- 
новый
3 4 1 7 2 
------------------------- 
золотой
3 4 5 6 1 7 2 
------------------------- 
борода
1 4 3 6 5 7 
------------------------- 
мышка
1 7 3 2 4 
------------------------- 
мауси
1 4 6 2 7 
------------------------- 
увидать
6 1 7 5 4 3 2 
------------------------- 
глазауси
1 5 4 3 8 6 2 7 
------------------------- 
презлые
1 8 4 3 5 7 6 
------------------------- 
подойти
1 4 5 6 2 3 7 
------------------------- 
песенка
1 4 2 6 3 5 7 
------------------------- 
ответить
4 1 8 6 3 7 5 2 
------------------------- 
солнце
8 4 5 3 2 6 
------------------------- 
небо
3 4 1 6 
------------------------- 
забежать
3 7 1 6 4 8 5 2 
------------------------- 
глянуть
1 8 4 3 6 5 2 
------------------------- 
сорока
2 4 3 6 5 7 
------------------------- 
серый
8 4 3 7 2 
------------------------- 
выйти
1 7 2 3 6 
------------------------- 
обидно
4 1 6 5 3 7 
------------------------- 
мрак
1 3 4 2 
------------------------- 
лазать
5 4 3 7 1 2 
------------------------- 
бешеный
1 4 3 6 5 7 2 
------------------------- 
рано
3 4 5 6 
------------------------- 
выходить
8 7 3 4 5 6 1 2 
------------------------- 
чтобы
8 3 4 1 7 
------------------------- 
жадный
4 8 5 3 7 2 
------------------------- 
воротить
8 4 3 6 1 7 5 2 
------------------------- 
этакий
7 1 4 5 6 2 
------------------------- 
грозный
1 8 4 3 5 7 2 
------------------------- 
отдавать
6 1 5 4 8 7 3 2 
------------------------- 
полно
1 4 5 3 6 
------------------------- 
лапа
5 4 1 7 
------------------------- 
лодырь
8 4 5 7 3 2 
------------------------- 
выручать
1 7 3 6 8 4 5 2 
------------------------- 
воевать
1 4 6 8 7 3 2 
------------------------- 
неохота
5 4 6 3 7 1 8 
------------------------- 
коряга
2 6 3 4 1 7 
------------------------- 
канава
2 4 3 7 1 8 
------------------------- 
упасть
6 1 4 8 3 2 
------------------------- 
собака
2 4 1 7 5 8 
------------------------- 
нигде
3 6 1 5 4 
------------------------- 
чёрный
8 6 3 5 7 2 
------------------------- 
чаща
8 4 2 7 
------------------------- 
стыдно
2 1 7 5 3 4 
------------------------- 
заяц
3 7 4 2 
------------------------- 
сиять
8 6 4 1 2 
------------------------- 
огонь
4 1 6 3 2 
------------------------- 
красное
2 3 7 8 5 6 4 
------------------------- 
легонько
8 4 1 6 3 2 5 7 
------------------------- 
злодей
3 8 4 5 6 2 
------------------------- 
плевать
1 5 4 8 7 3 2 
------------------------- 
воровать
1 4 3 6 8 7 5 2 
------------------------- 
порода
1 4 3 6 5 7 
------------------------- 
набитый
3 4 1 6 5 7 2 
------------------------- 
хрюкать
3 8 6 5 4 1 2 
------------------------- 
словно
2 5 4 1 3 6 
------------------------- 
хавронья
3 7 1 8 6 5 2 4 
------------------------- 
луна
5 6 3 4 
------------------------- 
глотать
1 8 4 5 7 3 2 
------------------------- 
зареветь
3 7 8 4 1 6 5 2 
------------------------- 
налететь
3 7 8 4 5 6 1 2 
------------------------- 
мять
1 4 3 2 
------------------------- 
завопить
3 4 8 6 1 7 5 2 
------------------------- 
валиться
1 7 5 6 3 2 8 4 
------------------------- 
катиться
5 7 1 6 3 2 8 4 
------------------------- 
пташка
1 5 4 3 2 7 
------------------------- 
весёлый
1 4 8 6 5 7 2 
------------------------- 
котёнок
2 4 1 6 3 7 5 
------------------------- 
зайчик
3 4 2 8 6 5 
------------------------- 
белочка
1 4 5 6 8 2 7 
------------------------- 
девочка
5 4 1 6 8 2 7 
------------------------- 
улица
6 5 7 2 4 
------------------------- 
курить
5 6 3 7 1 2 
------------------------- 
обижать
7 1 6 4 8 3 2 
------------------------- 
держать
5 6 3 4 7 1 2 
------------------------- 
кувырком
2 6 8 7 3 5 4 1 
------------------------- 
сметь
8 1 4 3 2 
------------------------- 
страх
2 1 8 4 3 
------------------------- 
дрожать
5 3 6 4 7 1 2 
------------------------- 
лишь
5 6 3 2 
------------------------- 
ваня
1 7 3 4 
------------------------- 
боец
1 4 6 2 
------------------------- 
герой
1 4 3 6 2 
------------------------- 
удалой
6 5 4 8 7 2 
------------------------- 
сабля
2 7 1 5 4 
------------------------- 
деточка
5 4 1 6 8 2 7 
------------------------- 
ванечка
1 4 3 6 8 2 7 
------------------------- 
подарить
1 4 5 7 8 6 3 2 
------------------------- 
пряничек
1 3 4 5 7 8 6 2 
------------------------- 
хоть
3 4 1 2 
------------------------- 
жаль
4 7 5 2 
------------------------- 
гадина
1 4 5 6 3 7 
------------------------- 
обжора
6 1 4 7 3 8 
------------------------- 
нечего
3 4 8 6 1 7 
------------------------- 
мясо
1 4 2 6 
------------------------- 
обратно
4 1 8 7 5 3 6 
------------------------- 
радость
3 4 5 6 8 1 2 
------------------------- 
живой
4 6 1 7 2 
------------------------- 
утроба
6 5 3 4 1 7 
------------------------- 
дружок
5 3 6 4 7 2 
------------------------- 
прыжок
1 3 7 4 6 2 
------------------------- 
щека
2 4 5 7 
------------------------- 
лизать
5 6 3 4 1 2 
------------------------- 
палить
1 4 5 6 3 2 
------------------------- 
очень
4 8 6 3 2 
------------------------- 
танец
1 4 3 6 2 
------------------------- 
столица
8 1 4 5 6 2 7 
------------------------- 
флаг
5 8 4 1 
------------------------- 
фунт
5 6 3 1 
------------------------- 
шоколад
3 4 2 6 8 7 5 
------------------------- 
порция
1 7 3 2 6 4 
------------------------- 
долой
5 4 8 6 2 
------------------------- 
пусть
1 6 8 3 2 
------------------------- 
полететь
1 7 8 4 5 6 3 2 
------------------------- 
ураган
6 3 4 1 7 5 
------------------------- 
стрела
2 1 3 4 5 7 
------------------------- 
сторонка
8 1 4 3 6 5 2 7 
------------------------- 
родной
8 4 5 3 6 2 
------------------------- 
который
5 4 1 6 3 7 2 
------------------------- 
написано
3 7 1 6 2 8 5 4 
------------------------- 
угодить
6 1 4 5 7 3 2 
------------------------- 
жена
4 6 3 7 
------------------------- 
детушки
5 4 1 6 3 2 7 
------------------------- 
поилица
1 4 6 5 7 2 8 
------------------------- 
второй
1 3 4 8 6 2 
------------------------- 
тузить
1 6 3 7 5 2 
------------------------- 
нашалить
5 4 3 7 8 6 1 2 
------------------------- 
выпить
8 7 1 6 3 2 
------------------------- 
колени
2 4 5 6 3 7 
------------------------- 
ошибка
4 3 6 1 2 7 
------------------------- 
самовар
2 4 1 6 8 7 3 
------------------------- 
аптекарь
4 1 3 6 5 7 8 2 
------------------------- 
брюшко
1 8 6 3 2 4 
------------------------- 
дверь
5 1 4 3 2 
------------------------- 
гиена
1 6 4 3 7 
------------------------- 
удав
6 5 4 1 
------------------------- 
купчиха
2 6 1 8 7 3 4 
------------------------- 
жираф
4 6 3 7 5 
------------------------- 
важный
1 8 4 3 7 2 
------------------------- 
вышина
1 7 3 6 5 4 
------------------------- 
приятель
1 3 7 4 5 6 8 2 
------------------------- 
родня
8 6 5 3 4 
------------------------- 
кумовья
5 6 1 7 8 2 4 
------------------------- 
никого
3 6 2 4 1 7 
------------------------- 
для
5 8 4 
------------------------- 
халва
3 4 5 1 7 
------------------------- 
коврижка
2 7 1 3 6 4 5 8 
------------------------- 
пастила
1 4 2 3 6 5 7 
------------------------- 
книжка
2 3 6 4 5 7 
------------------------- 
буйвол
1 6 2 8 4 5 
------------------------- 
страус
2 1 3 4 6 8 
------------------------- 
пистолет
1 7 2 3 4 8 6 5 
------------------------- 
тотоша
1 4 5 6 3 7 
------------------------- 
кокоша
2 4 5 6 3 7 
------------------------- 
овца
4 1 2 7 
------------------------- 
чужой
8 6 4 7 2 
------------------------- 
родные
8 4 5 3 7 6 
------------------------- 
отчего
4 3 8 6 1 7 
------------------------- 
ничего
3 6 8 4 1 7 
------------------------- 
россия
3 7 2 8 6 4 
------------------------- 
увешать
6 1 4 3 7 5 2 
------------------------- 
орешек
7 8 4 3 6 2 
------------------------- 
свечка
2 1 4 8 5 7 
------------------------- 
служить
8 5 6 4 7 1 2 
------------------------- 
услышать
6 8 5 7 3 4 1 2 
------------------------- 
ягуар
4 1 6 7 3 
------------------------- 
павиан
1 4 8 6 7 3 
------------------------- 
тотчас
1 4 3 8 7 2 
------------------------- 
вкруг
8 2 3 6 1 
------------------------- 
повалить
1 4 8 7 5 6 3 2 
------------------------- 
комод
2 4 1 6 5 
------------------------- 
весело
1 4 2 6 5 7 
------------------------- 
гитара
1 6 3 4 8 7 
------------------------- 
заиграть
3 4 6 1 8 7 5 2 
------------------------- 
трепак
5 3 4 1 7 2 
------------------------- 
чижик
8 6 4 7 2 
------------------------- 
окунь
4 5 6 3 2 
------------------------- 
паучок
1 4 6 8 7 2 
------------------------- 
коровка
2 4 3 6 1 5 7 
------------------------- 
обезьяна
7 1 6 3 2 4 5 8 
------------------------- 
рычанье
3 7 8 4 5 2 6 
------------------------- 
мычанье
1 7 8 4 3 2 6 
------------------------- 
шутка
3 6 1 2 4 
------------------------- 
жаловать
4 7 5 6 1 8 3 2 
------------------------- 
изволить
6 3 8 4 5 7 1 2 
------------------------- 
оттуда
4 1 3 6 5 7 
------------------------- 
посуда
1 4 2 6 5 7 
------------------------- 
наделя
3 7 5 6 8 4 
------------------------- 
аллея
7 5 8 6 4 
------------------------- 
спешить
8 1 4 3 6 5 2 
------------------------- 
гость
1 4 8 3 2 
------------------------- 
указать
6 5 4 3 7 1 2 
------------------------- 
вчера
1 8 4 3 7 
------------------------- 
донести
5 4 3 6 2 1 7 
------------------------- 
ездить
4 3 5 6 1 2 
------------------------- 
страна
2 1 3 4 5 7 
------------------------- 
ватрушка
1 4 5 8 6 3 2 7 
------------------------- 
небесный
3 4 1 6 8 5 7 2 
------------------------- 
зажигать
3 7 4 6 1 8 5 2 
------------------------- 
поведать
1 4 8 6 5 7 3 2 
------------------------- 
покуда
1 4 2 6 5 7 
------------------------- 
узнавать
6 3 5 4 8 7 1 2 
------------------------- 
душа
5 6 3 4 
------------------------- 
завыть
3 4 1 7 5 2 
------------------------- 
щенок
2 4 3 6 5 
------------------------- 
увидеть
6 1 7 5 4 3 2 
------------------------- 
братья
1 3 7 5 2 4 
------------------------- 
этот
7 1 4 3 
------------------------- 
бич
1 6 8 
------------------------- 
немало
3 4 1 7 5 6 
------------------------- 
стенать
8 1 4 3 7 5 2 
------------------------- 
грызть
1 8 7 3 5 2 
------------------------- 
тесный
1 4 8 3 7 2 
------------------------- 
клетка
2 8 4 1 5 7 
------------------------- 
никогда
3 6 2 4 1 5 7 
------------------------- 
олень
4 5 6 3 2 
------------------------- 
теребить
3 4 8 6 1 7 5 2 
------------------------- 
пёс
1 6 2 
------------------------- 
любить
5 6 1 7 3 2 
------------------------- 
сын
2 7 3 
------------------------- 
плясун
1 5 4 2 6 3 
------------------------- 
озорник
4 3 6 8 5 7 2 
------------------------- 
ныне
3 7 5 4 
------------------------- 
лохань
8 4 3 7 5 2 
------------------------- 
грязный
1 8 4 3 5 7 2 
------------------------- 
умирать
6 1 7 3 4 5 2 
------------------------- 
палач
1 4 5 7 8 
------------------------- 
тюрьма
5 6 3 2 1 4 
------------------------- 
ждать
4 5 7 1 2 
------------------------- 
верить
1 4 3 6 5 2 
------------------------- 
навсегда
3 4 8 2 6 1 5 7 
------------------------- 
клятва
2 5 4 1 8 7 
------------------------- 
сонный
8 4 3 5 7 2 
------------------------- 
зверьё
3 1 4 8 2 6 
------------------------- 
логово
5 4 1 6 8 7 
------------------------- 
своё
2 1 4 6 
------------------------- 
вонзать
8 4 5 3 7 1 2 
------------------------- 
когти
2 4 1 3 6 
------------------------- 
среди
2 3 4 5 6 
------------------------- 
сильно
8 6 5 2 3 4 
------------------------- 
зоосад
3 4 6 2 7 5 
------------------------- 
решётка
8 4 3 6 1 2 7 
------------------------- 
оковы
4 2 6 1 7 
------------------------- 
разобить
8 4 3 6 1 7 5 2 
------------------------- 
звериный
3 1 4 8 6 5 7 2 
------------------------- 
полк
1 4 5 2 
------------------------- 
впереди
8 1 4 3 6 5 7 
------------------------- 
грудь
1 3 6 5 2 
------------------------- 
сожрать
8 6 4 3 7 1 2 
------------------------- 
жалость
4 7 5 6 8 1 2 
------------------------- 
третий
1 3 4 5 6 2 
------------------------- 
кукла
2 6 5 8 4 
------------------------- 
глядь
1 8 4 5 2 
------------------------- 
мостик
1 4 2 3 6 5 
------------------------- 
лавочка
5 4 1 6 8 2 7 
------------------------- 
шипеть
3 6 1 4 5 2 
------------------------- 
оглядка
6 1 8 4 5 2 7 
------------------------- 
лезть
5 4 3 1 2 
------------------------- 
прижать
1 3 6 4 7 5 2 
------------------------- 
чудище
8 6 5 7 2 4 
------------------------- 
украсть
6 5 3 4 8 1 2 
------------------------- 
дикая
5 6 2 7 4 
------------------------- 
горилла
1 4 3 6 5 8 7 
------------------------- 
крыша
2 8 7 3 4 
------------------------- 
этаж
7 1 8 4 
------------------------- 
карниз
2 4 8 5 6 3 
------------------------- 
покачать
1 6 5 4 8 7 3 2 
------------------------- 
кинуться
5 7 3 6 1 2 8 4 
------------------------- 
яростный
4 3 6 8 1 5 7 2 
------------------------- 
чулан
8 6 5 4 3 
------------------------- 
будка
1 6 5 2 4 
------------------------- 
чердак
8 4 3 5 7 2 
------------------------- 
чемодан
8 4 1 6 5 7 3 
------------------------- 
тётя
1 6 3 4 
------------------------- 
полчище
1 7 5 8 6 2 4 
------------------------- 
лютый
5 6 1 7 2 
------------------------- 
удалец
6 5 7 8 4 2 
------------------------- 
лихой
5 6 3 4 2 
------------------------- 
кабан
2 4 1 7 3 
------------------------- 
конечн
2 4 3 6 8 5 
------------------------- 
пиф
1 6 5 
------------------------- 
паф
1 4 5 
------------------------- 
быстро
1 7 2 3 8 4 
------------------------- 
лань
5 4 3 2 
------------------------- 
пятка
1 4 3 2 7 
------------------------- 
скоро
2 5 4 3 6 
------------------------- 
орда
4 3 5 7 
------------------------- 
вновь
1 3 4 8 2 
------------------------- 
бешено
1 4 3 6 5 7 
------------------------- 
тигрица
3 6 1 8 7 2 4 
------------------------- 
сестра
2 4 8 1 3 7 
------------------------- 
дорогой
5 4 3 6 1 7 2 
------------------------- 
томиться
3 7 1 6 5 2 8 4 
------------------------- 
разбить
8 4 3 1 6 5 2 
------------------------- 
потеха
1 4 5 6 3 7 
------------------------- 
двуногий
5 8 6 3 4 1 7 2 
------------------------- 
детки
5 4 1 2 6 
------------------------- 
зверинец
3 1 4 8 7 5 6 2 
------------------------- 
поскорей
1 6 8 5 7 3 4 2 
------------------------- 
семья
8 6 1 2 4 
------------------------- 
львёнок
8 2 1 6 3 4 5 
------------------------- 
лисёнок
8 7 2 6 3 4 5 
------------------------- 
отдать
4 1 5 7 3 2 
------------------------- 
грянуть
1 8 4 5 6 3 2 
------------------------- 
война
1 4 2 3 7 
------------------------- 
спасти
2 1 4 8 3 6 
------------------------- 
ванюша
1 4 5 6 3 7 
------------------------- 
народ
3 4 8 6 5 
------------------------- 
свобода
2 8 4 1 6 5 7 
------------------------- 
навеки
3 4 1 6 2 7 
------------------------- 
малый
1 4 5 7 2 
------------------------- 
ребёнок
3 4 1 6 5 7 2 
------------------------- 
каша
2 4 3 7 
------------------------- 
можно
1 6 4 3 7 
------------------------- 
калоша
2 4 5 6 3 7 
------------------------- 
хранить
3 8 4 5 6 1 2 
------------------------- 
базар
1 4 3 7 8 
------------------------- 
никто
3 6 2 1 4 
------------------------- 
мешать
1 4 3 7 5 2 
------------------------- 
друзья
5 8 6 3 2 4 
------------------------- 
довольно
5 4 1 6 8 2 3 7 
------------------------- 
кровь
5 3 4 1 2 
------------------------- 
пролить
1 8 4 5 6 3 2 
------------------------- 
спилить
8 1 6 5 7 3 2 
------------------------- 
копыто
2 4 1 7 3 6 
------------------------- 
тогда
3 4 1 5 7 
------------------------- 
лягать
5 4 1 7 3 2 
------------------------- 
букашка
1 6 2 4 3 5 7 
------------------------- 
прежний
1 3 6 4 5 7 2 
------------------------- 
бульвар
1 6 5 2 8 4 3 
------------------------- 
капля
2 7 1 5 4 
------------------------- 
пантера
1 4 3 5 6 8 7 
------------------------- 
ласково
8 4 2 5 6 1 7 
------------------------- 
баловать
1 4 5 6 8 7 3 2 
------------------------- 
вечер
1 4 8 6 3 
------------------------- 
серна
2 4 3 5 7 
------------------------- 
жюль
4 6 5 2 
------------------------- 
песня
1 6 2 3 4 
------------------------- 
мишка
1 6 3 2 4 
------------------------- 
конфетка
2 4 3 7 6 1 5 8 
------------------------- 
нынче
3 7 5 8 4 
------------------------- 
визит
1 6 3 7 5 
------------------------- 
усадить
6 8 4 5 7 1 2 
------------------------- 
старик
2 1 4 3 6 5 
------------------------- 
диванчик
5 6 1 4 3 8 7 2 
------------------------- 
вбежать
8 1 6 4 7 3 2 
------------------------- 
славный
8 5 4 1 3 7 2 
------------------------- 
кафтан
2 4 5 1 7 3 
------------------------- 
румяный
3 6 1 4 5 7 2 
------------------------- 
простыня
1 8 6 2 5 7 3 4 
------------------------- 
подушка
1 4 5 6 3 2 7 
------------------------- 
печка
1 4 8 2 7 
------------------------- 
напиться
3 7 1 6 5 2 8 4 
------------------------- 
пузатый
1 6 3 4 5 7 2 
------------------------- 
колесо
2 4 5 6 8 7 
------------------------- 
кушак
2 6 3 4 5 
------------------------- 
вертеть
8 4 3 1 6 5 2 
------------------------- 
спальня
8 1 7 5 2 3 4 
------------------------- 
вакса
1 4 2 8 7 
------------------------- 
сбежать
8 1 6 4 7 3 2 
------------------------- 
брюки
1 3 6 2 7 
------------------------- 
рассвет
3 4 2 8 1 6 5 
------------------------- 
мышата
1 7 3 4 5 8 
------------------------- 
мыться
1 7 3 2 8 4 
------------------------- 
чулки
8 6 5 2 7 
------------------------- 
мочалка
1 6 8 4 5 2 7 
------------------------- 
командир
2 4 1 7 3 5 6 8 
------------------------- 
позвать
1 4 3 8 7 5 2 
------------------------- 
солдат
2 4 8 5 7 1 
------------------------- 
влететь
8 5 4 1 6 3 2 
------------------------- 
залаять
3 7 5 8 4 1 2 
------------------------- 
нога
3 4 1 7 
------------------------- 
мойка
1 4 2 5 7 
------------------------- 
окунать
4 5 6 3 7 1 2 
------------------------- 
ударить
6 5 4 3 7 1 2 
------------------------- 
медный
1 4 5 3 7 2 
------------------------- 
таз
1 4 3 
------------------------- 
щетка
2 4 1 5 7 
------------------------- 
тереть
1 4 3 6 5 2 
------------------------- 
чисто
8 6 2 1 4 
------------------------- 
мыло
1 7 5 4 
------------------------- 
волосы
1 4 5 6 2 7 
------------------------- 
юлить
6 5 7 1 2 
------------------------- 
мылить
1 7 5 6 3 2 
------------------------- 
палка
1 4 5 2 7 
------------------------- 
садовый
8 4 5 6 1 7 2 
------------------------- 
сено
2 4 3 6 
------------------------- 
ограда
4 1 3 7 5 8 
------------------------- 
умыть
6 1 7 3 2 
------------------------- 
тетрадь
1 4 3 8 7 5 2 
------------------------- 
хвалить
3 8 4 5 6 1 2 
------------------------- 
срам
2 3 4 1 
------------------------- 
зубной
3 6 1 5 4 2 
------------------------- 
порошок
1 4 8 6 3 7 2 
------------------------- 
густой
1 6 8 3 4 2 
------------------------- 
давайте
5 4 1 7 2 3 6 
------------------------- 
купаться
5 6 1 7 3 2 8 4 
------------------------- 
ушато
6 3 4 1 7 
------------------------- 
корыто
2 4 3 7 1 6 
------------------------- 
океан
4 2 6 7 3 
------------------------- 
ванна
1 4 3 5 7 
------------------------- 
баня
1 7 3 4 
------------------------- 
везде
1 4 3 5 6 
------------------------- 
вечная
1 6 8 3 7 4 
------------------------- 
муха
1 6 3 4 
------------------------- 
цокотуха
2 4 5 7 1 6 3 8 
------------------------- 
купить
5 6 1 7 3 2 
------------------------- 
таракан
1 4 3 7 2 8 5 
------------------------- 
стакан
2 1 4 5 7 3 
------------------------- 
молоко
1 4 5 6 2 7 
------------------------- 
блошка
1 5 4 3 2 7 
------------------------- 
сапожки
2 8 1 6 4 5 7 
------------------------- 
простой
1 3 4 8 5 6 2 
------------------------- 
застежка
3 7 2 1 6 4 5 8 
------------------------- 
варенье
1 7 3 4 5 2 6 
------------------------- 
старичок
2 1 4 3 6 8 7 5 
------------------------- 
уголок
6 1 4 5 7 2 
------------------------- 
паук
1 4 6 2 
------------------------- 
зарубить
3 4 8 6 1 7 5 2 
------------------------- 
поить
1 4 6 3 2 
------------------------- 
жук
4 6 2 
------------------------- 
червяк
8 6 3 1 4 2 
------------------------- 
желать
4 6 5 7 1 2 
------------------------- 
кусток
2 6 8 1 4 5 
------------------------- 
мосток
1 4 2 3 6 5 
------------------------- 
молчок
1 4 5 8 6 2 
------------------------- 
шутить
3 6 1 7 5 2 
------------------------- 
острый
4 8 1 3 7 2 
------------------------- 
сердце
8 4 3 5 2 6 
------------------------- 
молчать
1 4 5 8 7 3 2 
------------------------- 
комарик
2 4 1 7 3 6 5 
------------------------- 
вынимать
8 7 3 6 1 4 5 2 
------------------------- 
срубать
8 3 6 1 4 5 2 
------------------------- 
девица
5 4 1 6 2 7 
------------------------- 
светляк
8 1 6 3 5 4 2 
------------------------- 
клоп
2 5 4 1 
------------------------- 
рогатый
3 4 1 8 5 7 2 
------------------------- 
мужик
1 6 4 7 2 
------------------------- 
мошкара
1 6 3 2 4 8 7 
------------------------- 
замуж
3 7 1 6 4 
------------------------- 
муравей
1 6 3 7 8 4 2 
------------------------- 
лапти
5 4 1 3 6 
------------------------- 
каблук
2 4 1 8 6 5 
------------------------- 
париться
1 7 3 6 5 2 8 4 
------------------------- 
ребро
3 4 1 8 6 
------------------------- 
плечо
1 5 4 8 6 
------------------------- 
вдоль
1 5 4 8 2 
------------------------- 
костер
2 4 8 1 6 3 
------------------------- 
осетр
4 2 6 1 3 
------------------------- 
хитёр
3 7 1 6 8 
------------------------- 
нырнуть
3 7 8 5 6 1 2 
------------------------- 
костёр
2 4 8 1 6 3 
------------------------- 
голодный
1 4 8 6 5 3 7 2 
------------------------- 
крошка
2 8 4 3 5 7 
------------------------- 
иметь
6 1 4 3 2 
------------------------- 
полсотня
1 6 8 2 7 3 5 4 
------------------------- 
десяток
5 6 8 4 1 7 2 
------------------------- 
цыплёнок
2 7 1 8 6 3 4 5 
------------------------- 
кусок
2 6 8 4 5 
------------------------- 
стог
2 3 4 1 
------------------------- 
бочонок
1 4 8 6 3 7 2 
------------------------- 
солёный
8 4 5 6 3 7 2 
------------------------- 
опёнок
4 1 6 3 7 2 
------------------------- 
горшек
1 4 8 3 6 2 
------------------------- 
вязанка
1 4 3 7 5 2 8 
------------------------- 
баранка
1 4 3 7 5 2 8 
------------------------- 
исхудать
7 8 3 6 5 4 1 2 
------------------------- 
войти
1 4 2 3 6 
------------------------- 
взад
1 3 4 5 
------------------------- 
ползать
1 4 8 3 7 5 2 
------------------------- 
всего
8 2 4 1 6 
------------------------- 
милее
1 7 5 6 4 
------------------------- 
надоесть
3 7 5 6 4 8 1 2 
------------------------- 
мяукать
1 4 6 5 7 3 2 
------------------------- 
путаница
1 6 3 4 5 7 2 8 
------------------------- 
свинка
2 1 6 3 5 4 
------------------------- 
кошечка
2 4 3 6 8 5 7 
------------------------- 
уточка
6 1 4 8 2 7 
------------------------- 
курочка
2 6 3 4 8 5 7 
------------------------- 
паинька
1 4 6 3 2 5 7 
------------------------- 
капуста
2 4 1 6 8 3 7 
------------------------- 
заячий
3 7 4 8 6 2 
------------------------- 
лопотать
8 4 1 6 5 7 3 2 
------------------------- 
велеть
1 4 5 6 3 2 
------------------------- 
ворона
1 4 3 6 5 7 
------------------------- 
облако
4 1 5 7 2 6 
------------------------- 
пуще
1 6 2 4 
------------------------- 
слушать
8 5 6 3 4 1 2 
------------------------- 
рыба
3 7 1 4 
------------------------- 
мышь
1 7 3 2 
------------------------- 
кошка
2 4 3 5 7 
------------------------- 
изловить
6 3 8 4 1 7 5 2 
------------------------- 
посадить
1 4 8 7 5 6 3 2 
------------------------- 
спички
2 1 6 8 5 7 
------------------------- 
синее
2 7 3 6 4 
------------------------- 
пожарный
1 6 4 8 3 5 7 2 
------------------------- 
поливать
1 4 5 6 8 7 3 2 
------------------------- 
ёрш
6 8 3 
------------------------- 
ковш
2 4 1 3 
------------------------- 
заливать
3 4 8 6 1 7 5 2 
------------------------- 
запеть
3 4 1 6 5 2 
------------------------- 
гусь
1 6 8 2 
------------------------- 
начать
3 4 8 7 1 2 
------------------------- 
лошадь
8 4 3 7 5 2 
------------------------- 
баюкать
1 4 6 5 7 3 2 
------------------------- 
шарик
3 4 8 6 2 
------------------------- 
пряник
1 3 4 5 6 2 
------------------------- 
жевать
4 6 1 7 3 2 
------------------------- 
великан
1 4 5 6 2 7 3 
------------------------- 
рыжий
3 7 4 6 2 
------------------------- 
усатый
6 8 4 1 7 2 
------------------------- 
усы
6 2 7 
------------------------- 
миловать
1 6 5 4 8 7 3 2 
------------------------- 
скушать
8 5 6 3 4 1 2 
------------------------- 
забияка
3 7 1 6 4 2 8 
------------------------- 
драка
5 3 4 2 7 
------------------------- 
шевелить
3 4 8 6 5 7 1 2 
------------------------- 
усач
6 2 4 8 
------------------------- 
еловый
4 5 6 1 7 2 
------------------------- 
клык
2 8 7 5 
------------------------- 
стрекач
2 1 3 4 5 7 8 
------------------------- 
шкура
3 2 6 8 4 
------------------------- 
дешовый
5 4 3 6 1 7 2 
------------------------- 
кочка
2 4 8 5 7 
------------------------- 
крапива
2 3 4 1 6 8 7 
------------------------- 
забиться
3 7 1 6 5 2 8 4 
------------------------- 
рыдать
3 7 5 4 1 2 
------------------------- 
пещера
1 4 2 6 3 7 
------------------------- 
волчонок
1 4 5 8 6 3 7 2 
------------------------- 
замучить
3 4 1 6 8 7 5 2 
------------------------- 
разве
8 4 3 1 6 
------------------------- 
отсюда
4 1 2 6 5 7 
------------------------- 
синий
8 6 3 7 2 
------------------------- 
козёл
2 4 3 6 5 
------------------------- 
мести
1 4 2 3 6 
------------------------- 
сыч
2 7 8 
------------------------- 
трубач
5 3 6 1 4 8 
------------------------- 
трубить
3 8 6 1 7 5 2 
------------------------- 
грач
1 3 4 8 
------------------------- 
летучий
5 4 1 6 8 7 2 
------------------------- 
кубарь
5 6 1 4 3 2 
------------------------- 
забота
3 4 1 6 5 7 
------------------------- 
гвоздь
1 8 4 3 5 2 
------------------------- 
небеса
3 4 1 6 2 7 
------------------------- 
звонить
3 8 4 5 6 1 2 
------------------------- 
пуд
1 6 5 
------------------------- 
шесть
3 4 8 1 2 
------------------------- 
прошлый
1 8 4 3 5 7 2 
------------------------- 
выслать
1 7 8 5 4 3 2 
------------------------- 
отличный
4 1 5 6 8 3 7 2 
------------------------- 
дюжина
5 6 4 7 3 8 
------------------------- 
перчатки
1 4 3 8 7 5 2 6 
------------------------- 
понять
1 6 3 4 5 2 
------------------------- 
трубка
5 3 6 1 2 4 
------------------------- 
цапля
2 7 1 5 4 
------------------------- 
свинья
8 1 6 3 2 4 
------------------------- 
соловей
8 6 5 7 1 4 2 
------------------------- 
морж
1 6 3 4 
------------------------- 
морской
1 4 3 8 5 6 2 
------------------------- 
динь
5 6 3 2 
------------------------- 
тюлень
1 6 5 4 3 2 
------------------------- 
газель
1 4 3 6 5 2 
------------------------- 
сгореть
8 1 4 3 6 5 2 
------------------------- 
качели
2 4 8 6 5 7 
------------------------- 
галдеть
1 4 8 5 6 3 2 
------------------------- 
квартира
2 1 4 3 5 6 8 7 
------------------------- 
устать
6 8 1 4 3 2 
------------------------- 
заснуть
3 4 8 5 6 1 2 
------------------------- 
звонок
3 1 4 5 6 2 
------------------------- 
портной
1 4 8 5 3 6 2 
------------------------- 
калитка
2 4 8 6 1 5 7 
------------------------- 
улитка
6 5 7 1 2 4 
------------------------- 
снимать
8 3 6 1 4 5 2 
------------------------- 
огород
4 1 6 3 7 5 
------------------------- 
водичка
1 4 5 6 8 2 7 
------------------------- 
срывать
8 3 7 1 4 5 2 
------------------------- 
умница
6 1 3 7 2 4 
------------------------- 
цветочек
2 1 4 3 7 8 6 5 
------------------------- 
яблоко
4 1 5 6 2 7 
------------------------- 
калошка
2 4 8 6 3 5 7 
------------------------- 
ботинки
1 4 3 6 5 2 7 
------------------------- 
нинка
3 6 5 2 4 
------------------------- 
вязаный
1 4 3 8 5 7 2 
------------------------- 
голый
1 4 5 7 2 
------------------------- 
рваный
3 1 4 5 7 2 
------------------------- 
драный
5 8 4 3 7 2 
------------------------- 
валенки
1 4 5 6 3 2 7 
------------------------- 
зевать
3 4 1 7 5 2 
------------------------- 
мороз
1 4 8 6 3 
------------------------- 
дырка
5 7 3 2 4 
------------------------- 
вишня
1 6 3 5 4 
------------------------- 
сергей
8 4 3 1 6 2 
------------------------- 
лишний
8 6 3 5 7 2 
------------------------- 
напрасно
3 4 1 8 7 2 5 6 
------------------------- 
шапка
3 4 1 2 7 
------------------------- 
веревка
1 4 3 6 8 2 7 
------------------------- 
кораблик
2 4 3 7 1 8 6 5 
------------------------- 
капитан
2 4 1 6 3 7 5 
------------------------- 
таня
1 7 3 4 
------------------------- 
уронить
6 3 4 5 7 1 2 
------------------------- 
речка
3 4 8 2 7 
------------------------- 
мячик
1 4 8 6 2 
------------------------- 
танечка
1 4 3 6 8 2 7 
------------------------- 
петя
1 6 3 4 
------------------------- 
первый
1 4 3 8 7 2 
------------------------- 
новичок
3 4 1 6 8 7 2 
------------------------- 
куртка
2 6 3 1 5 4 
------------------------- 
темный
3 4 1 5 7 2 
------------------------- 
ужасно
6 4 8 2 3 7 
------------------------- 
одеться
7 5 6 1 2 8 4 
------------------------- 
пенал
1 4 3 7 5 
------------------------- 
вдогонку
8 5 4 1 7 3 2 6 
------------------------- 
соседи
2 4 8 6 5 7 
------------------------- 
встать
1 8 3 4 5 2 
------------------------- 
карта
2 4 3 1 7 
------------------------- 
москва
1 4 2 5 8 7 
------------------------- 
озеро
4 3 6 8 7 
------------------------- 
любитель
5 6 1 7 3 4 8 2 
------------------------- 
рыболов
3 7 1 4 5 6 8 
------------------------- 
удачный
6 5 4 8 3 7 2 
------------------------- 
грусть
1 3 6 8 5 2 
------------------------- 
наизусть
5 4 7 3 6 8 1 2 
------------------------- 
яшка
4 3 2 7 
------------------------- 
должен
5 7 8 4 6 3 
------------------------- 
яков
4 2 6 1 
------------------------- 
нелюдим
3 4 8 6 5 7 1 
------------------------- 
хмурый
3 1 6 8 7 2 
------------------------- 
спина
2 1 6 3 4 
------------------------- 
выпятить
8 7 1 4 3 6 5 2 
------------------------- 
надувать
3 4 5 6 8 7 1 2 
------------------------- 
вова
1 4 8 7 
------------------------- 
брови
1 3 4 8 6 
------------------------- 
пощада
1 4 2 7 5 8 
------------------------- 
бывший
1 7 8 3 6 2 
------------------------- 
унести
6 3 4 2 1 7 
------------------------- 
девчушка
5 4 1 8 6 3 2 7 
------------------------- 
пора
1 4 3 7 
------------------------- 
клюшка
2 8 6 3 5 4 
------------------------- 
судья
8 6 5 2 4 
------------------------- 
отпуск
4 3 1 6 2 5 
------------------------- 
кино
2 6 3 4 
------------------------- 
пустой
1 6 8 3 4 2 
------------------------- 
ничуть
3 7 8 6 1 2 
------------------------- 
огорчать
4 1 6 3 8 7 5 2 
------------------------- 
радио
3 4 5 6 7 
------------------------- 
певец
1 4 8 6 2 
------------------------- 
болтунья
1 7 8 3 6 5 2 4 
------------------------- 
лида
8 6 5 4 
------------------------- 
вовка
1 4 8 2 7 
------------------------- 
выдумать
8 7 5 6 1 4 3 2 
------------------------- 
болтать
1 4 8 5 7 3 2 
------------------------- 
некогда
3 4 2 6 1 5 7 
------------------------- 
кружок
2 3 6 4 7 5 
------------------------- 
фото
5 4 1 6 
------------------------- 
марья
1 7 3 2 4 
------------------------- 
слишком
8 5 6 3 2 4 1 
------------------------- 
выбирать
8 7 1 6 3 4 5 2 
------------------------- 
староста
2 1 4 3 6 8 5 7 
------------------------- 
летчица
5 4 1 8 6 2 7 
------------------------- 
кстати
2 8 1 4 3 6 
------------------------- 
нагрузка
5 4 1 8 6 3 2 7 
------------------------- 
дано
5 4 3 6 
------------------------- 
чтенье
8 1 4 3 2 6 
------------------------- 
лагерь
5 4 1 6 3 2 
------------------------- 
весы
1 4 2 7 
------------------------- 
краса
2 3 4 8 7 
------------------------- 
полнеть
1 4 8 3 6 5 2 
------------------------- 
птичий
1 3 6 8 7 2 
------------------------- 
бродить
1 8 4 5 6 3 2 
------------------------- 
часы
8 4 2 7 
------------------------- 
сразу
2 8 4 3 6 
------------------------- 
здесь
3 5 4 8 2 
------------------------- 
драма
5 3 4 1 7 
------------------------- 
персонал
1 4 3 2 6 5 7 8 
------------------------- 
режим
3 6 4 7 1 
------------------------- 
леночка
5 4 3 6 8 2 7 
------------------------- 
сцена
8 2 4 3 7 
------------------------- 
привет
1 3 6 8 4 5 
------------------------- 
передать
1 4 8 6 5 7 3 2 
------------------------- 
белый
1 4 5 7 2 
------------------------- 
фартук
5 4 3 1 6 2 
------------------------- 
бант
1 4 3 5 
------------------------- 
локон
5 4 2 6 3 
------------------------- 
лучший
5 6 8 3 7 2 
------------------------- 
букет
1 6 2 4 3 
------------------------- 
лето
5 4 1 6 
------------------------- 
юбилей
6 1 7 5 4 2 
------------------------- 
съезд
2 4 6 3 5 
------------------------- 
учитель
6 8 7 1 4 5 2 
------------------------- 
другой
5 3 6 1 4 2 
------------------------- 
послать
1 4 8 5 7 3 2 
------------------------- 
спокойно
8 1 4 5 6 2 3 7 
------------------------- 
завтра
3 4 1 5 8 7 
------------------------- 
получить
1 4 5 6 8 7 3 2 
------------------------- 
отстать
4 1 8 3 7 5 2 
------------------------- 
бычок
1 7 8 4 2 
------------------------- 
коробка
2 4 3 6 1 5 7 
------------------------- 
бочок
1 4 8 6 2 
------------------------- 
поклон
1 4 2 5 6 3 
------------------------- 
володя
1 6 8 7 5 4 
------------------------- 
отметка
4 3 1 6 5 2 7 
------------------------- 
тройка
1 3 4 2 5 7 
------------------------- 
значить
3 5 4 8 6 1 2 
------------------------- 
единица
4 5 6 3 7 2 8 
------------------------- 
никита
3 6 2 7 1 4 
------------------------- 
танюша
1 4 5 6 3 7 
------------------------- 
проявить
1 3 6 4 8 7 5 2 
------------------------- 
отвага
6 3 8 4 1 7 
------------------------- 
танюшка
1 4 5 6 3 2 7 
------------------------- 
подружка
1 7 5 3 6 4 2 8 
------------------------- 
арбат
4 3 1 7 5 
------------------------- 
устроить
6 8 1 3 4 7 5 2 
------------------------- 
стекло
2 1 4 5 8 6 
------------------------- 
розовый
8 4 3 6 1 7 2 
------------------------- 
грудка
1 3 6 5 2 4 
------------------------- 
минутка
1 7 3 6 5 2 4 
------------------------- 
птичка
1 3 6 8 2 4 
------------------------- 
пальто
1 4 5 2 3 6 
------------------------- 
карман
2 4 3 1 7 5 
------------------------- 
дыра
5 7 3 4 
------------------------- 
драться
5 3 7 1 2 8 4 
------------------------- 
галоши
1 4 5 6 3 7 
------------------------- 
послушно
1 4 2 8 6 3 5 7 
------------------------- 
надевать
3 4 5 6 8 7 1 2 
------------------------- 
почти
1 4 8 3 6 
------------------------- 
спорить
8 1 4 3 6 5 2 
------------------------- 
правда
1 3 4 8 5 7 
------------------------- 
девчонка
5 4 1 8 6 3 2 7 
------------------------- 
грозить
1 8 4 3 6 5 2 
------------------------- 
кулак
2 6 8 4 5 
------------------------- 
милость
1 6 5 4 8 3 2 
------------------------- 
тоска
1 4 2 5 7 
------------------------- 
зря
3 8 4 
------------------------- 
чудеса
8 6 5 4 2 7 
------------------------- 
тучка
1 6 8 2 4 
------------------------- 
ворчать
1 4 3 8 7 5 2 
------------------------- 
кило
2 6 5 4 
------------------------- 
ребенок
3 4 1 6 5 7 2 
------------------------- 
шкап
3 2 4 1 
------------------------- 
стенка
2 1 4 3 5 7 
------------------------- 
грош
1 8 4 3 
------------------------- 
месяц
1 6 8 4 2 
------------------------- 
блюдце
1 8 6 5 2 4 
------------------------- 
коридор
2 4 3 6 5 7 8 
------------------------- 
соска
2 4 8 5 7 
------------------------- 
получше
1 7 5 6 8 3 4 
------------------------- 
назло
5 4 3 8 6 
------------------------- 
прочь
1 3 4 8 2 
------------------------- 
проучить
1 3 4 6 8 7 5 2 
------------------------- 
отойти
4 1 6 2 3 7 
------------------------- 
подальше
1 4 5 7 8 2 3 6 
------------------------- 
чудак
8 6 5 4 2 
------------------------- 
букварь
1 6 5 8 4 3 2 
------------------------- 
собрать
8 4 1 3 7 5 2 
------------------------- 
бросать
1 3 4 8 7 5 2 
------------------------- 
плохой
1 5 4 3 6 2 
------------------------- 
нужно
3 6 4 5 7 
------------------------- 
полчаса
1 6 5 8 4 2 7 
------------------------- 
входить
8 3 4 5 6 1 2 
------------------------- 
парта
1 4 3 5 7 
------------------------- 
перо
1 4 3 6 
------------------------- 
вася
1 7 2 4 
------------------------- 
маруся
1 7 3 6 2 4 
------------------------- 
весна
1 4 2 3 7 
------------------------- 
тоня
1 6 3 4 
------------------------- 
походка
1 4 3 6 5 2 7 
------------------------- 
младший
1 8 4 5 3 6 2 
------------------------- 
наташа
5 4 1 7 3 8 
------------------------- 
оглядеть
7 1 8 4 5 6 3 2 
------------------------- 
юрка
6 3 2 4 
------------------------- 
алеша
4 5 6 3 7 
------------------------- 
иртыш
6 8 1 7 3 
------------------------- 
енисей
4 3 7 8 6 2 
------------------------- 
нежно
3 6 4 5 7 
------------------------- 
алик
4 5 6 2 
------------------------- 
сила
2 6 5 4 
------------------------- 
резинка
8 4 3 6 5 2 7 
------------------------- 
зачем
3 4 8 6 1 
------------------------- 
отлупить
4 5 8 6 1 7 3 2 
------------------------- 
после
1 4 2 5 6 
------------------------- 
урок
6 3 4 2 
------------------------- 
свиданье
8 1 7 5 4 3 2 6 
------------------------- 
звенеть
3 8 4 5 6 1 2 
------------------------- 
цвести
2 1 4 8 3 6 
------------------------- 
сирень
8 6 3 4 5 2 
------------------------- 
родиться
3 7 5 6 1 2 8 4 
------------------------- 
гордый
1 4 3 5 7 2 
------------------------- 
отец
4 1 6 2 
------------------------- 
света
2 1 4 3 7 
------------------------- 
братишка
1 8 4 5 6 3 2 7 
------------------------- 
клоун
2 5 4 6 3 
------------------------- 
острить
4 8 1 3 6 5 2 
------------------------- 
школа
3 2 4 5 7 
------------------------- 
залп
3 4 5 1 
------------------------- 
смех
2 1 4 3 
------------------------- 
давиться
5 7 1 6 3 2 8 4 
------------------------- 
танька
1 4 3 2 5 7 
------------------------- 
успех
6 2 1 4 3 
------------------------- 
зеленый
3 4 8 6 5 7 2 
------------------------- 
относить
4 1 3 6 8 7 5 2 
------------------------- 
жизнь
4 6 3 5 2 
------------------------- 
нагореть
3 7 1 6 8 4 5 2 
------------------------- 
утекать
6 1 4 5 7 3 2 
------------------------- 
вздор
1 3 5 4 8 
------------------------- 
насчет
3 4 2 8 6 1 
------------------------- 
разбитый
8 4 3 1 6 5 7 2 
------------------------- 
двести
5 1 4 2 3 6 
------------------------- 
внук
1 3 6 2 
------------------------- 
пулять
1 6 5 4 3 2 
------------------------- 
налево
3 4 5 6 1 7 
------------------------- 
королева
2 6 3 7 5 4 1 8 
------------------------- 
плащ
1 5 4 2 
------------------------- 
портфель
1 4 3 5 7 6 8 2 
------------------------- 
поручать
1 4 3 6 8 7 5 2 
------------------------- 
кружка
2 3 6 4 5 7 
------------------------- 
буфет
1 6 5 4 3 
------------------------- 
конфета
2 4 3 5 6 1 7 
------------------------- 
настя
3 7 2 1 4 
------------------------- 
корона
2 4 3 6 5 7 
------------------------- 
капрон
2 4 1 3 6 5 
------------------------- 
слезать
8 5 4 3 7 1 2 
------------------------- 
ниточка
3 6 1 4 8 2 7 
------------------------- 
братец
1 3 4 5 6 2 
------------------------- 
бровки
1 3 4 8 2 6 
------------------------- 
прилечь
1 3 6 5 4 8 2 
------------------------- 
принять
1 8 6 5 4 3 2 
------------------------- 
дышать
5 7 3 4 1 2 
------------------------- 
хитрый
3 6 1 8 7 2 
------------------------- 
усталый
6 8 1 4 5 7 2 
------------------------- 
басня
1 7 2 3 4 
------------------------- 
решать
8 4 3 7 1 2 
------------------------- 
звено
3 1 4 5 6 
------------------------- 
квартет
2 8 4 3 1 6 5 
------------------------- 
светлана
2 1 6 3 8 4 5 7 
------------------------- 
роль
3 4 5 2 
------------------------- 
вовсе
1 4 8 2 6 
------------------------- 
артистка
4 3 1 6 8 5 2 7 
------------------------- 
денёк
5 4 3 6 2 
------------------------- 
козел
2 4 3 6 5 
------------------------- 
каток
2 4 1 6 5 
------------------------- 
наутек
3 7 6 1 4 2 
------------------------- 
тетя
1 6 3 4 
------------------------- 
увозить
6 1 4 3 7 5 2 
------------------------- 
лыжи
5 7 4 6 
------------------------- 
восток
1 4 2 3 6 5 
------------------------- 
монтер
1 4 3 5 6 8 
------------------------- 
проводка
1 3 4 8 6 5 2 7 
------------------------- 
лодка
8 4 5 2 7 
------------------------- 
летчик
5 4 1 8 6 2 
------------------------- 
сухой
8 6 3 4 2 
------------------------- 
вратарь
1 3 4 5 7 8 2 
------------------------- 
четыре
8 4 1 7 3 6 
------------------------- 
сломать
8 5 4 1 7 3 2 
------------------------- 
самокат
2 4 1 6 5 7 3 
------------------------- 
возиться
1 7 3 6 5 2 8 4 
------------------------- 
десятый
5 6 8 4 1 7 2 
------------------------- 
павлик
1 4 8 5 6 2 
------------------------- 
почет
1 4 8 6 3 
------------------------- 
блинчик
1 5 6 3 8 7 2 
------------------------- 
провести
1 3 4 8 6 2 5 7 
------------------------- 
беседа
1 4 2 6 5 7 
------------------------- 
сода
2 4 5 7 
------------------------- 
соль
8 4 5 2 
------------------------- 
масло
1 4 2 5 6 
------------------------- 
вместо
8 1 4 2 3 6 
------------------------- 
напечь
3 4 1 6 8 2 
------------------------- 
товарищ
1 4 8 7 3 6 2 
------------------------- 
девять
5 6 1 4 3 2 
------------------------- 
сырой
8 7 3 4 2 
------------------------- 
клен
2 5 4 3 
------------------------- 
ветка
1 4 3 2 7 
------------------------- 
краска
2 3 4 8 5 7 
------------------------- 
скворец
8 5 1 4 3 6 2 
------------------------- 
охрана
6 3 8 4 5 7 
------------------------- 
руки
3 6 2 7 
------------------------- 
пожить
1 6 4 7 3 2 
------------------------- 
долететь
5 7 8 4 1 6 3 2 
------------------------- 
хором
3 4 8 6 1 
------------------------- 
течь
1 4 8 2 
------------------------- 
семена
2 4 1 6 3 7 
------------------------- 
сбор
2 1 4 3 
------------------------- 
линкор
5 6 3 2 4 8 
------------------------- 
льды
8 2 5 7 
------------------------- 
зимовать
3 6 1 4 8 7 5 2 
------------------------- 
детство
5 4 1 2 3 8 6 
------------------------- 
шагать
3 4 1 7 5 2 
------------------------- 
мечтать
1 4 8 3 7 5 2 
------------------------- 
полярный
1 6 8 4 3 5 7 2 
------------------------- 
моряк
1 6 3 4 2 
------------------------- 
башня
1 7 3 5 4 
------------------------- 
комната
2 4 1 3 7 5 8 
------------------------- 
звук
3 1 6 2 
------------------------- 
тюфяк
1 6 5 4 2 
------------------------- 
недолго
3 4 5 6 8 1 7 
------------------------- 
жестко
4 6 2 1 5 7 
------------------------- 
доска
5 4 8 2 7 
------------------------- 
приятно
1 8 6 4 5 3 7 
------------------------- 
унывать
6 3 7 1 4 5 2 
------------------------- 
иначе
7 3 4 8 6 
------------------------- 
сурово
2 6 3 4 1 7 
------------------------- 
замечать
3 4 1 6 8 7 5 2 
------------------------- 
равно
3 4 1 5 6 
------------------------- 
ириска
6 3 7 2 5 4 
------------------------- 
целое
2 4 5 7 6 
------------------------- 
ростки
3 4 2 1 5 6 
------------------------- 
катя
2 7 1 4 
------------------------- 
таскать
1 4 8 5 7 3 2 
------------------------- 
полный
1 4 5 3 7 2 
------------------------- 
лейка
8 4 2 5 7 
------------------------- 
урожай
6 3 7 4 8 2 
------------------------- 
оторвать
4 1 6 3 8 7 5 2 
------------------------- 
галдеж
1 7 8 5 6 4 
------------------------- 
веселый
1 4 8 6 5 7 2 
------------------------- 
сторона
2 1 4 3 6 5 7 
------------------------- 
егор
4 1 6 3 
------------------------- 
толстый
1 4 5 8 3 7 2 
------------------------- 
клуб
2 5 6 1 
------------------------- 
стрекоза
2 1 8 4 5 6 3 7 
------------------------- 
рыбка
3 7 1 2 4 
------------------------- 
яркий
4 3 5 6 2 
------------------------- 
вопрос
8 4 1 3 6 2 
------------------------- 
подарок
1 4 5 7 3 6 2 
------------------------- 
смешно
2 1 4 3 5 6 
------------------------- 
умора
6 1 4 3 7 
------------------------- 
глазеть
1 8 4 3 6 5 2 
------------------------- 
катанье
5 4 1 7 3 2 6 
------------------------- 
хватать
3 8 4 1 7 5 2 
------------------------- 
наяву
3 7 4 1 6 
------------------------- 
вдалеке
1 5 7 8 4 2 6 
------------------------- 
шура
3 6 8 4 
------------------------- 
запинка
3 4 1 6 5 2 7 
------------------------- 
плюс
1 5 6 2 
------------------------- 
вкус
1 2 6 8 
------------------------- 
ветерок
1 4 3 6 8 7 2 
------------------------- 
обдувать
4 1 5 6 8 7 3 2 
------------------------- 
сеять
8 6 4 1 2 
------------------------- 
борозда
1 4 8 6 3 5 7 
------------------------- 
срок
2 3 4 5 
------------------------- 
отлично
4 1 5 6 8 3 7 
------------------------- 
ленточка
5 4 3 1 6 8 2 7 
------------------------- 
коса
2 4 8 7 
------------------------- 
любочка
5 6 1 4 8 2 7 
------------------------- 
люба
5 6 1 4 
------------------------- 
узнать
6 3 5 4 1 2 
------------------------- 
хлеб
3 5 4 1 
------------------------- 
теснота
1 4 2 3 6 5 7 
------------------------- 
старушка
2 1 4 8 6 3 5 7 
------------------------- 
синица
8 6 3 7 2 4 
------------------------- 
далеко
5 4 8 6 2 7 
------------------------- 
учеба
6 8 4 1 7 
------------------------- 
творить
1 8 4 3 6 5 2 
------------------------- 
стайка
8 1 4 2 5 7 
------------------------- 
охотно
4 3 6 1 5 7 
------------------------- 
страница
8 1 3 4 5 6 2 7 
------------------------- 
поток
1 4 3 6 2 
------------------------- 
пустяки
1 6 2 3 4 5 7 
------------------------- 
колено
2 4 5 6 3 7 
------------------------- 
овраг
4 8 3 7 1 
------------------------- 
пловец
1 5 4 8 6 2 
------------------------- 
вокруг
8 4 2 3 6 1 
------------------------- 
ручей
3 6 8 4 2 
------------------------- 
сучок
2 6 8 4 5 
------------------------- 
петух
1 4 5 6 3 
------------------------- 
шурка
3 6 8 2 4 
------------------------- 
часок
8 4 2 6 5 
------------------------- 
посидеть
1 7 8 6 5 4 3 2 
------------------------- 
жарко
4 7 3 2 6 
------------------------- 
ничья
3 6 8 2 4 
------------------------- 
зоопарк
3 4 6 1 7 8 2 
------------------------- 
выгнуть
8 7 1 3 6 5 2 
------------------------- 
злиться
3 5 6 1 2 8 4 
------------------------- 
крастся
5 3 7 2 1 8 4 
------------------------- 
лебедь
8 4 1 6 5 2 
------------------------- 
хоровод
3 4 8 6 1 7 5 
------------------------- 
василий
1 4 8 6 5 7 2 
------------------------- 
трусить
1 3 6 8 7 5 2 
------------------------- 
футбол
5 6 3 1 4 8 
------------------------- 
рваться
3 1 7 5 2 8 4 
------------------------- 
малец
1 4 5 6 2 
------------------------- 
мера
1 4 3 7 
------------------------- 
тишина
1 6 3 7 5 4 
------------------------- 
кивать
5 6 1 4 3 2 
------------------------- 
тонкий
1 4 3 5 6 2 
------------------------- 
голосок
1 4 8 6 2 7 5 
------------------------- 
хвостик
3 1 4 8 5 6 2 
------------------------- 
затылок
3 4 1 7 5 6 2 
------------------------- 
бутылка
1 6 3 7 5 2 4 
------------------------- 
девчата
5 6 1 8 4 3 7 
------------------------- 
приехать
1 8 6 4 3 7 5 2 
------------------------- 
орехи
4 8 6 3 7 
------------------------- 
пакетик
1 4 2 6 3 7 5 
------------------------- 
никому
3 7 2 4 1 6 
------------------------- 
уплетать
6 1 8 4 5 7 3 2 
------------------------- 
секрет
2 4 5 3 6 1 
------------------------- 
витя
1 6 3 4 
------------------------- 
поделить
1 4 5 6 8 7 3 2 
------------------------- 
стадо
2 1 4 5 6 
------------------------- 
слыхать
8 5 7 3 4 1 2 
------------------------- 
строго
2 5 3 4 1 6 
------------------------- 
пастух
1 4 2 5 6 3 
------------------------- 
будний
1 6 5 3 7 2 
------------------------- 
торг
5 4 3 1 
------------------------- 
взимать
8 3 6 1 4 5 2 
------------------------- 
плата
1 5 4 3 7 
------------------------- 
внучек
1 3 6 8 4 2 
------------------------- 
уважить
6 1 8 4 7 3 2 
------------------------- 
уехать
6 4 3 7 1 2 
------------------------- 
тайком
3 4 2 5 6 1 
------------------------- 
слегка
8 5 4 1 2 7 
------------------------- 
повод
1 4 8 6 5 
------------------------- 
хрипота
3 8 6 1 4 5 7 
------------------------- 
терраса
1 6 3 8 4 2 7 
------------------------- 
пласт
1 5 4 2 3 
------------------------- 
сверчок
2 1 4 3 8 6 5 
------------------------- 
работать
8 4 1 6 3 7 5 2 
------------------------- 
запрет
3 4 1 8 6 5 
------------------------- 
потолок
1 4 3 6 5 7 2 
------------------------- 
удивлять
6 5 7 1 8 4 3 2 
------------------------- 
петька
1 4 3 2 5 7 
------------------------- 
пятачок
1 4 3 7 8 6 2 
------------------------- 
выселять
1 7 8 6 5 4 3 2 
------------------------- 
шкаф
3 2 4 5 
------------------------- 
футляр
5 6 1 8 4 3 
------------------------- 
очки
4 8 2 6 
------------------------- 
напоказ
5 4 1 6 2 7 3 
------------------------- 
горсть
1 4 3 8 5 2 
------------------------- 
трогать
3 8 4 1 7 5 2 
------------------------- 
кухня
2 6 3 5 4 
------------------------- 
испытать
6 8 1 7 3 4 5 2 
------------------------- 
прожечь
1 3 7 4 6 8 2 
------------------------- 
скрести
2 5 3 4 8 1 6 
------------------------- 
осень
4 8 6 3 2 
------------------------- 
ножка
3 6 4 2 7 
------------------------- 
однако
4 5 3 7 2 6 
------------------------- 
навести
3 4 1 6 2 5 7 
------------------------- 
парень
1 4 3 6 5 2 
------------------------- 
годик
1 4 5 6 2 
------------------------- 
табурет
3 7 1 6 8 4 5 
------------------------- 
пускать
1 6 8 5 4 3 2 
------------------------- 
заметка
3 4 1 6 5 2 7 
------------------------- 
читатель
8 7 1 4 3 6 5 2 
------------------------- 
нужный
3 6 4 5 7 2 
------------------------- 
досуг
5 4 2 6 1 
------------------------- 
плавный
1 5 4 8 3 7 2 
------------------------- 
особый
4 8 6 1 7 2 
------------------------- 
глиняный
1 8 6 5 4 3 7 2 
------------------------- 
глазищи
1 5 4 3 6 2 7 
------------------------- 
опустить
4 1 6 8 3 7 5 2 
------------------------- 
монета
1 4 3 6 5 7 
------------------------- 
значок
3 5 4 8 6 2 
------------------------- 
деньги
5 4 3 2 1 6 
------------------------- 
автобус
4 8 3 7 1 6 2 
------------------------- 
совиный
8 4 1 6 3 7 2 
------------------------- 
крючок
2 3 6 8 4 5 
------------------------- 
копилка
2 4 1 6 8 5 7 
------------------------- 
беречь
1 4 3 6 8 2 
------------------------- 
отряд
6 1 3 4 5 
------------------------- 
пояс
1 6 4 2 
------------------------- 
полюс
1 4 5 6 2 
------------------------- 
тетрадка
1 6 3 8 4 5 2 7 
------------------------- 
минус
1 7 3 6 2 
------------------------- 
двинуть
5 8 7 3 6 1 2 
------------------------- 
статуя
2 1 7 3 6 4 
------------------------- 
сдавать
8 5 4 1 7 3 2 
------------------------- 
экзамен
7 2 3 4 1 6 5 
------------------------- 
вожатый
1 6 4 8 3 7 2 
------------------------- 
собранье
8 4 1 3 7 5 2 6 
------------------------- 
директор
5 6 3 4 2 1 7 8 
------------------------- 
растить
3 4 8 1 6 5 2 
------------------------- 
ученик
6 8 4 3 7 2 
------------------------- 
получать
1 4 5 6 8 7 3 2 
------------------------- 
обида
4 1 6 5 7 
------------------------- 
печаль
1 4 8 7 5 2 
------------------------- 
вдаль
1 5 4 8 2 
------------------------- 
камень
5 4 1 6 3 2 
------------------------- 
лицо
5 6 2 4 
------------------------- 
птенец
1 3 4 5 6 2 
------------------------- 
любой
5 6 1 4 2 
------------------------- 
загорать
3 4 1 6 8 7 5 2 
------------------------- 
стирать
8 1 6 3 4 5 2 
------------------------- 
сложить
8 5 6 4 7 1 2 
------------------------- 
сторож
2 1 6 3 7 4 
------------------------- 
висеть
1 6 8 4 3 2 
------------------------- 
тявкать
1 4 8 5 7 3 2 
------------------------- 
отличать
4 1 5 6 8 7 3 2 
------------------------- 
рогатка
3 4 1 7 5 2 8 
------------------------- 
синичка
2 6 3 7 8 5 4 
------------------------- 
водица
1 4 5 6 2 7 
------------------------- 
птенчик
1 3 4 5 8 6 2 
------------------------- 
никуда
3 7 2 6 5 4 
------------------------- 
около
4 2 6 5 7 
------------------------- 
юннат
6 3 5 4 1 
------------------------- 
майка
1 4 2 5 7 
------------------------- 
перенос
1 4 3 6 5 7 2 
------------------------- 
хулиган
3 6 8 7 1 4 5 
------------------------- 
врозь
1 8 4 3 2 
------------------------- 
стоить
8 1 4 6 3 2 
------------------------- 
вслед
1 2 8 4 5 
------------------------- 
красивый
5 3 4 8 6 1 7 2 
------------------------- 
коленки
2 4 8 6 3 5 7 
------------------------- 
штора
3 1 4 8 7 
------------------------- 
холм
3 4 5 1 
------------------------- 
дружно
5 8 6 4 3 7 
------------------------- 
театр
1 4 7 3 8 
------------------------- 
шуба
3 6 1 4 
------------------------- 
теплый
3 4 1 5 7 2 
------------------------- 
платок
1 5 4 3 6 2 
------------------------- 
номерок
3 4 1 6 8 7 2 
------------------------- 
балет
1 4 5 6 3 
------------------------- 
фея
5 6 4 
------------------------- 
белое
1 4 5 7 6 
------------------------- 
шарф
3 4 8 5 
------------------------- 
обшарить
4 1 3 7 8 6 5 2 
------------------------- 
стул
2 1 6 5 
------------------------- 
укатить
6 5 4 1 7 3 2 
------------------------- 
внизу
1 5 7 3 6 
------------------------- 
ребята
3 6 1 4 5 7 
------------------------- 
ленивый
5 4 3 6 1 7 2 
------------------------- 
федот
7 4 5 6 1 
------------------------- 
дремать
5 8 4 1 7 3 2 
------------------------- 
зонтик
3 4 5 1 6 2 
------------------------- 
лентяй
5 6 3 1 4 2 
------------------------- 
январь
4 3 1 7 8 2 
------------------------- 
февраль
5 4 1 3 7 8 2 
------------------------- 
апрель
4 1 3 6 5 2 
------------------------- 
июнь
7 6 3 2 
------------------------- 
июль
7 6 5 2 
------------------------- 
август
4 8 1 6 2 3 
------------------------- 
виснуть
1 7 8 3 6 5 2 
------------------------- 
пчела
1 8 4 5 7 
------------------------- 
зелень
3 4 8 6 5 2 
------------------------- 
один
4 5 6 3 
------------------------- 
лимон
5 6 1 4 3 
------------------------- 
странно
2 1 8 4 3 5 6 
------------------------- 
новосел
3 6 1 7 2 4 5 
------------------------- 
собирать
8 4 1 6 3 7 5 2 
------------------------- 
цветы
2 1 4 3 7 
------------------------- 
нектар
3 4 2 1 7 8 
------------------------- 
жилец
4 7 5 6 2 
------------------------- 
лестница
5 4 8 1 3 6 2 7 
------------------------- 
вслух
1 2 5 6 3 
------------------------- 
галя
1 7 5 4 
------------------------- 
пчелка
1 8 4 5 2 7 
------------------------- 
состав
2 4 8 3 7 1 
------------------------- 
протокол
1 3 4 5 6 2 7 8 
------------------------- 
защита
3 4 2 6 1 7 
------------------------- 
пчелиный
1 8 4 5 6 3 7 2 
------------------------- 
ужалить
6 4 8 5 7 1 2 
------------------------- 
редко
3 4 5 2 6 
------------------------- 
всякий
1 8 4 5 6 2 
------------------------- 
укол
6 2 4 5 
------------------------- 
сонечка
2 4 3 6 8 5 7 
------------------------- 
караул
2 4 3 7 6 5 
------------------------- 
ольга
4 5 2 1 7 
------------------------- 
соня
2 6 3 4 
------------------------- 
жалоба
4 7 5 6 1 8 
------------------------- 
полежать
1 7 5 6 4 8 3 2 
------------------------- 
метель
1 4 3 6 5 2 
------------------------- 
бурый
1 6 3 7 2 
------------------------- 
фигура
5 7 1 6 3 4 
------------------------- 
соболь
8 4 1 6 5 2 
------------------------- 
тихий
1 6 3 7 2 
------------------------- 
точный
1 4 8 3 7 2 
------------------------- 
левая
5 6 1 7 4 
------------------------- 
плавать
1 5 4 8 7 3 2 
------------------------- 
смелый
8 1 4 5 7 2 
------------------------- 
выстрел
1 7 2 3 8 4 5 
------------------------- 
ранимый
3 4 5 6 1 7 2 
------------------------- 
талант
1 4 8 7 3 5 
------------------------- 
взаймы
8 3 4 2 1 7 
------------------------- 
пятак
1 4 3 7 2 
------------------------- 
успеть
6 8 1 4 3 2 
------------------------- 
часто
8 4 2 1 6 
------------------------- 
бесить
1 4 8 6 3 2 
------------------------- 
горло
1 4 3 5 6 
------------------------- 
травма
5 3 4 8 1 7 
------------------------- 
самый
8 4 1 7 2 
------------------------- 
главный
1 5 4 8 3 7 2 
------------------------- 
дима
5 6 1 4 
------------------------- 
зависть
3 4 1 6 8 5 2 
------------------------- 
билеты
1 6 5 4 3 7 
------------------------- 
касса
5 4 2 8 7 
------------------------- 
ножик
3 6 4 7 2 
------------------------- 
очко
4 8 2 6 
------------------------- 
близорук
1 5 7 3 4 8 6 2 
------------------------- 
наутро
3 4 6 1 8 7 
------------------------- 
врач
1 3 4 8 
------------------------- 
халат
3 4 5 7 1 
------------------------- 
дурачок
5 6 3 4 8 7 2 
------------------------- 
платье
1 5 4 3 2 6 
------------------------- 
надеть
3 4 5 6 1 2 
------------------------- 
желтый
4 6 5 1 7 2 
------------------------- 
измятый
6 3 1 4 5 7 2 
------------------------- 
гладить
1 8 4 5 6 3 2 
------------------------- 
ужин
6 4 7 3 
------------------------- 
подать
1 4 5 7 3 2 
------------------------- 
блюдо
1 8 6 5 4 
------------------------- 
узкий
6 3 5 7 2 
------------------------- 
затор
3 4 1 6 8 
------------------------- 
шофер
3 4 5 6 8 
------------------------- 
угловой
6 1 5 4 8 7 2 
------------------------- 
сёма
2 6 1 4 
------------------------- 
артек
4 3 1 6 2 
------------------------- 
вагон
8 4 1 6 3 
------------------------- 
вернуть
8 4 3 5 6 1 2 
------------------------- 
поворот
1 4 8 6 3 7 5 
------------------------- 
верста
1 4 3 2 5 7 
------------------------- 
тревога
5 3 4 8 6 1 7 
------------------------- 
крым
2 3 7 1 
------------------------- 
отвозить
4 1 8 6 3 7 5 2 
------------------------- 
поискать
1 4 6 8 5 7 3 2 
------------------------- 
сходить
8 3 4 5 6 1 2 
------------------------- 
время
8 3 6 1 4 
------------------------- 
зеркало
3 4 8 2 7 5 6 
------------------------- 
вазочка
1 4 3 6 8 2 7 
------------------------- 
поехать
1 4 6 3 7 5 2 
------------------------- 
учебник
6 8 4 1 3 7 2 
------------------------- 
дрова
5 3 4 1 7 
------------------------- 
парад
1 4 3 7 5 
------------------------- 
пятый
1 4 3 7 2 
------------------------- 
двигать
5 8 6 1 4 3 2 
------------------------- 
санки
2 4 3 5 6 
------------------------- 
портить
1 4 8 3 6 5 2 
------------------------- 
сердитый
8 4 3 5 6 1 7 2 
------------------------- 
марина
1 4 3 6 5 7 
------------------------- 
малина
1 4 5 6 3 7 
------------------------- 
язык
4 3 7 2 
------------------------- 
крепко
2 3 4 1 5 6 
------------------------- 
нёбо
3 6 1 4 
------------------------- 
виноват
1 6 3 4 8 7 5 
------------------------- 
метро
1 4 3 8 6 
------------------------- 
легко
5 4 1 2 6 
------------------------- 
ремень
3 4 1 6 5 2 
------------------------- 
чихнуть
8 7 3 5 6 1 2 
------------------------- 
горка
1 4 3 2 7 
------------------------- 
пионер
1 7 4 3 6 8 
------------------------- 
опустеть
7 1 6 8 3 4 5 2 
------------------------- 
садик
8 4 5 6 2 
------------------------- 
скверик
8 2 1 4 3 6 5 
------------------------- 
тенистый
1 4 3 6 8 5 7 2 
------------------------- 
сшить
8 3 6 1 2 
------------------------- 
батист
1 4 3 6 2 5 
------------------------- 
научить
3 4 6 8 7 1 2 
------------------------- 
иголка
6 1 4 5 2 7 
------------------------- 
шитьё
3 7 1 2 6 
------------------------- 
весенний
1 4 8 6 3 5 7 2 
------------------------- 
шумный
3 6 1 5 7 2 
------------------------- 
листва
5 6 2 1 8 4 
------------------------- 
мастер
1 4 2 3 6 8 
------------------------- 
тротуар
1 3 4 5 6 7 8 
------------------------- 
ловко
5 4 1 2 6 
------------------------- 
топот
3 4 1 6 5 
------------------------- 
передний
1 4 8 6 5 3 7 2 
------------------------- 
удаться
6 5 7 1 2 8 4 
------------------------- 
наверно
3 4 1 6 8 5 7 
------------------------- 
известка
6 3 1 4 8 5 2 7 
------------------------- 
красить
5 3 4 8 6 1 2 
------------------------- 
сарай
8 4 3 7 2 
------------------------- 
вытирать
1 7 3 6 8 4 5 2 
------------------------- 
оттирать
4 1 3 6 8 7 5 2 
------------------------- 
браться
1 3 7 5 2 8 4 
------------------------- 
кисть
5 6 8 1 2 
------------------------- 
ведро
1 4 5 3 6 
------------------------- 
готовый
1 4 3 6 8 7 2 
------------------------- 
пленник
1 8 4 5 3 6 2 
------------------------- 
военный
1 4 6 3 5 7 2 
------------------------- 
пленный
1 8 4 5 3 7 2 
------------------------- 
висок
1 6 2 4 5 
------------------------- 
пятерка
1 4 3 6 8 2 7 
------------------------- 
сдать
8 5 4 1 2 
------------------------- 
вредный
1 8 4 5 3 7 2 
------------------------- 
грядка
1 3 4 5 2 7 
------------------------- 
выполоть
8 7 1 4 5 6 3 2 
------------------------- 
осина
4 2 6 3 7 
------------------------- 
выступ
8 7 2 3 6 1 
------------------------- 
юный
6 3 7 2 
------------------------- 
трибуна
5 8 7 1 6 3 4 
------------------------- 
достать
5 4 8 1 7 3 2 
------------------------- 
очинить
4 8 6 3 7 1 2 
------------------------- 
блокнот
1 8 4 2 3 6 5 
------------------------- 
словарь
8 5 4 1 7 3 2 
------------------------- 
совет
2 4 1 6 3 
------------------------- 
главное
1 5 7 8 3 6 4 
------------------------- 
пилот
1 6 5 4 3 
------------------------- 
певица
1 4 8 6 2 7 
------------------------- 
